hello! These are the shared franking evaluation results.
data taken from 1000 iterations for each parameter setting. Times are reported in ns.
msg_len, num_servers, send_mean, send_stddev, pis_mean, pis_stddev, p1_mean, p1_stddev, read_mean, read_stddev, verify_mean, verify_stddev
20,2,22760.000000,11741.417187,1839.000000,252.761858,15566.000000,2232.841670,20579.000000,2325.804763,28027.000000,4664.847525,
20,3,23681.000000,1806.907188,1784.000000,195.344683,15673.000000,2835.386731,23354.000000,3613.619667,29693.000000,2436.704959,
20,4,24890.000000,1650.325794,1766.000000,123.437332,15843.000000,1114.031037,26513.000000,5004.889997,31467.000000,2784.028056,
20,5,26073.000000,1428.260225,1764.000000,188.031138,16022.000000,812.405201,29117.000000,1339.885091,33114.000000,1499.215589,
20,6,27192.000000,1497.529501,1763.000000,175.352462,16182.000000,912.199416,32112.000000,1356.284338,34973.000000,4978.079293,
20,7,28501.000000,1998.071452,1766.000000,150.434457,16449.000000,1216.457315,34976.000000,1851.860866,36783.000000,2739.643781,
20,8,29908.000000,4580.002704,1753.000000,173.201016,16633.000000,1394.676340,38041.000000,1876.724501,38395.000000,1942.840283,
20,9,30925.000000,1486.782403,1728.000000,119.103866,16780.000000,1256.574025,40818.000000,1579.156844,40116.000000,1456.215991,
20,10,32311.000000,3327.979062,1754.000000,129.437023,17149.000000,1903.734141,44133.000000,3763.562928,42142.000000,3155.921751,
40,2,22562.000000,1074.820443,1850.000000,315.556233,15297.000000,787.909080,20449.000000,1361.750028,27526.000000,1345.215028,
40,3,23950.000000,1613.772086,1806.000000,205.170466,15524.000000,1253.270549,23421.000000,1582.788499,29474.000000,1550.099158,
40,4,25451.000000,1562.128146,1817.000000,767.341365,16000.000000,2103.089397,27017.000000,5027.149788,31646.000000,2381.814687,
40,5,27620.000000,6428.914098,1818.000000,656.988339,16777.000000,5150.463068,30508.000000,5032.906826,34233.000000,3695.958575,
40,6,28098.000000,1919.327179,1805.000000,583.658856,16306.000000,1585.979911,32794.000000,2119.303627,35037.000000,2071.109859,
40,7,29327.000000,1669.447854,1771.000000,120.598379,16412.000000,917.622510,35538.000000,1557.531290,36765.000000,1445.507048,
40,8,31151.000000,6587.060652,1771.000000,166.080974,16871.000000,2390.577462,38957.000000,2272.560808,38739.000000,2479.237135,
40,9,32019.000000,2065.366389,1774.000000,246.445231,16880.000000,1711.033871,42011.000000,3608.707701,40977.000000,5761.987007,
40,10,33185.000000,1379.807582,1761.000000,155.787715,16900.000000,892.394967,44885.000000,1861.778969,42140.000000,1684.879691,
60,2,23116.000000,4467.099619,1890.000000,382.266627,15513.000000,1170.413701,20803.000000,1818.267677,27967.000000,4430.577645,
60,3,24668.000000,2957.501317,1855.000000,601.380563,15769.000000,1851.422208,23940.000000,2591.199949,29913.000000,3713.085593,
60,4,25619.000000,2082.059483,1793.000000,173.484068,15906.000000,1999.857432,26966.000000,1650.701757,31360.000000,1835.856577,
60,5,27047.000000,2515.316280,1786.000000,142.084957,16153.000000,1955.169722,29981.000000,1666.914953,33287.000000,1600.205642,
60,6,28478.000000,2372.663041,1798.000000,225.837980,16251.000000,1380.572863,33204.000000,2261.360251,35027.000000,2047.186979,
60,7,29857.000000,1980.634177,1777.000000,182.060773,16476.000000,1296.303255,36116.000000,1615.264577,37074.000000,4682.057234,
60,8,31450.000000,2712.259724,1786.000000,166.888846,16859.000000,4401.899299,39824.000000,7160.654387,38940.000000,4122.124826,
60,9,32465.000000,1750.934031,1772.000000,128.147981,16726.000000,972.943345,42275.000000,2061.067003,40423.000000,1838.380629,
60,10,33938.000000,1745.140110,1772.000000,113.312096,16949.000000,1289.120185,45459.000000,1754.898679,42210.000000,2432.076708,
80,2,22587.000000,1490.021675,1896.000000,222.548267,15418.000000,1358.061032,20653.000000,1282.795922,27557.000000,1702.344299,
80,3,24295.000000,1296.409629,1826.000000,179.142541,15555.000000,1095.515185,23740.000000,1175.793994,29415.000000,1510.477914,
80,4,25529.000000,1452.910133,1816.000000,186.856279,15806.000000,1297.097097,27230.000000,4291.289418,31480.000000,1973.725253,
80,5,27219.000000,2053.638913,1812.000000,188.944188,16050.000000,1052.826363,30413.000000,3268.178337,33469.000000,4848.145202,
80,6,28473.000000,1457.000796,1785.000000,104.481927,16097.000000,1117.790657,33333.000000,1335.272851,34775.000000,1854.463960,
80,7,30312.000000,4848.722442,1798.000000,141.608863,16482.000000,1691.563811,36887.000000,4903.608128,36950.000000,2540.734379,
80,8,31550.000000,1556.653436,1799.000000,227.115466,16581.000000,1141.048790,39781.000000,1437.571441,38433.000000,1543.624612,
80,9,33318.000000,3618.424639,1807.000000,164.895309,17100.000000,3898.274411,43263.000000,2284.530567,40931.000000,4818.773591,
80,10,34512.000000,1964.091944,1785.000000,156.426193,16946.000000,1125.104720,46433.000000,2826.939796,42449.000000,3160.367118,
100,2,22977.000000,3865.874423,1861.000000,245.768448,15486.000000,1288.585110,20951.000000,1931.808803,27749.000000,2860.319756,
100,3,25058.000000,2441.061271,1846.000000,437.968424,16001.000000,4089.878363,24493.000000,4495.041795,29931.000000,2196.347202,
100,4,25725.000000,1423.781289,1798.000000,366.650477,15747.000000,827.315905,27437.000000,3836.185014,31538.000000,2686.257104,
100,5,27705.000000,2582.220011,1802.000000,314.403065,16331.000000,2063.699231,30851.000000,4423.110606,33586.000000,2403.070660,
100,6,29101.000000,2426.141142,1769.000000,164.372796,16362.000000,1683.734617,33822.000000,2001.317121,35079.000000,1865.977450,
100,7,30571.000000,1882.775895,1790.000000,289.615265,16437.000000,1168.298073,37126.000000,4129.957708,37139.000000,5143.242557,
100,8,32235.000000,3690.382287,1780.000000,261.879816,16726.000000,2377.637754,40498.000000,5271.275964,38604.000000,2327.190379,
100,9,33751.000000,2793.739857,1772.000000,140.728114,16923.000000,1879.808078,43553.000000,4037.207501,40521.000000,4460.460902,
100,10,35629.000000,4110.009791,1787.000000,403.222081,17628.000000,6590.440057,47111.000000,2777.415200,42607.000000,3500.546250,
120,2,23786.000000,6061.274652,1916.000000,701.610546,15712.000000,2105.556594,21387.000000,2135.059178,28379.000000,4290.699338,
120,3,25086.000000,1431.865116,1817.000000,186.796590,15758.000000,5039.094274,24319.000000,1669.833880,29831.000000,1859.751243,
120,4,26395.000000,1372.825408,1787.000000,106.678644,15966.000000,3291.578242,27752.000000,1774.011309,31778.000000,1709.095005,
120,5,28149.000000,2199.163173,1820.000000,264.480931,16160.000000,1580.926965,31135.000000,2432.273830,33513.000000,2265.564952,
120,6,29576.000000,1375.188022,1794.000000,176.039041,16224.000000,1375.411079,34334.000000,1771.160056,35076.000000,1409.666546,
120,7,31359.000000,1880.193634,1791.000000,147.977106,16357.000000,1089.657192,37519.000000,1623.127375,37076.000000,1935.784384,
120,8,32792.000000,1311.325404,1784.000000,128.342343,16564.000000,1399.698079,40843.000000,1394.565506,38741.000000,1643.945327,
120,9,34581.000000,2087.092279,1788.000000,121.617063,16739.000000,957.521976,44200.000000,3735.949726,40742.000000,3096.331027,
120,10,36196.000000,1532.759190,1782.000000,149.936016,16891.000000,735.601803,47443.000000,1739.632868,42548.000000,2173.011423,
140,2,23219.000000,2290.815988,1916.000000,510.580677,15514.000000,2535.935891,21211.000000,2002.596640,27995.000000,4454.165360,
140,3,25200.000000,1673.051864,1837.000000,88.931558,15699.000000,1488.101871,24583.000000,3451.239976,29848.000000,2702.121217,
140,4,26456.000000,1138.611071,1826.000000,206.628200,15805.000000,1258.764779,27927.000000,1339.243039,31645.000000,1471.200560,
140,5,28247.000000,1536.209176,1818.000000,234.236524,16046.000000,1416.101342,31221.000000,1478.017697,33344.000000,1591.933379,
140,6,30059.000000,1865.963993,1829.000000,206.556646,16184.000000,1399.976143,34838.000000,2345.254929,35347.000000,2991.834753,
140,7,31713.000000,2480.273935,1829.000000,227.375852,16344.000000,1318.639412,38136.000000,2829.796207,37145.000000,2984.973115,
140,8,33230.000000,1349.979906,1811.000000,127.208809,16518.000000,1412.556504,41532.000000,1834.473963,38677.000000,1381.520937,
140,9,35263.000000,2467.461491,1821.000000,184.146290,17248.000000,5845.320122,45535.000000,5651.003441,41456.000000,6129.206340,
140,10,36973.000000,4586.475602,1809.000000,173.919269,17161.000000,2101.732243,48733.000000,2927.346529,42878.000000,5506.897126,
160,2,23133.000000,1140.157635,1906.000000,341.812231,15388.000000,786.100004,21214.000000,1452.852773,27864.000000,1339.048964,
160,3,24904.000000,1303.050944,1832.000000,249.252472,15747.000000,2405.173525,24542.000000,1379.105921,29752.000000,1339.840305,
160,4,26807.000000,1905.300150,1825.000000,223.925753,15976.000000,3979.808548,28166.000000,1362.947471,31900.000000,1777.178958,
160,5,28304.000000,1154.318029,1809.000000,217.804821,15863.000000,796.057779,31381.000000,1674.108762,33288.000000,1952.063734,
160,6,30198.000000,1400.235166,1815.000000,117.134969,16172.000000,1409.736194,34933.000000,1372.354928,35125.000000,2678.588262,
160,7,32108.000000,3347.754466,1813.000000,169.955485,16458.000000,1620.064775,38358.000000,1258.133084,37160.000000,1834.630722,
160,8,33757.000000,1997.324317,1811.000000,151.331966,16547.000000,1136.328750,42098.000000,3714.077092,38796.000000,1990.704223,
160,9,35988.000000,3839.915019,1820.000000,188.512161,17077.000000,2045.369223,45842.000000,4960.787457,41488.000000,5256.377686,
160,10,37480.000000,3808.842816,1807.000000,117.876049,17153.000000,1764.531494,49070.000000,1770.285837,42771.000000,1934.693541,
180,2,23801.000000,4463.330398,1911.000000,210.853210,15481.000000,1099.359846,21687.000000,1957.835039,28194.000000,1991.547085,
180,3,25480.000000,1298.856340,1832.000000,211.900316,15768.000000,975.419997,24999.000000,1574.363017,30218.000000,4319.956857,
180,4,27392.000000,2403.918199,1819.000000,214.695841,16149.000000,2390.372293,28941.000000,4912.493499,32428.000000,6885.072971,
180,5,29344.000000,5957.722027,1812.000000,318.872271,16205.000000,1300.007859,32137.000000,2087.076226,33803.000000,1622.820200,
180,6,31199.000000,3690.560367,1802.000000,277.823413,16345.000000,1898.257660,35650.000000,2116.902269,35500.000000,1741.522963,
180,7,32573.000000,1656.150738,1783.000000,138.197297,16439.000000,1276.140275,38860.000000,1773.701735,37329.000000,2534.435029,
180,8,35022.000000,5632.507484,1797.000000,146.595665,16898.000000,2387.848187,42724.000000,2273.534534,39329.000000,2741.329464,
180,9,36157.000000,1337.172860,1797.000000,96.246444,16824.000000,1062.985454,45859.000000,1716.255169,40786.000000,1587.882639,
180,10,38173.000000,1790.967793,1781.000000,143.510714,17083.000000,1495.229283,49543.000000,1849.348288,42666.000000,2005.219862,
200,2,23460.000000,1167.327250,1905.000000,175.231164,15355.000000,1119.550589,21425.000000,1200.709157,27977.000000,1361.692726,
200,3,25605.000000,1511.827234,1851.000000,284.266004,15622.000000,1215.264968,25042.000000,1728.997740,30076.000000,2036.013842,
200,4,27796.000000,2848.065767,1842.000000,235.900894,16076.000000,3979.792537,29108.000000,2791.273339,32536.000000,5489.854477,
200,5,29645.000000,3454.141030,1842.000000,353.501573,16305.000000,2342.346295,32681.000000,3406.564000,34129.000000,2362.057594,
200,6,31304.000000,1630.663157,1809.000000,143.385756,16202.000000,1121.508652,35895.000000,1390.707019,35611.000000,1733.868932,
200,7,33245.000000,1886.170063,1829.000000,172.344240,16354.000000,1081.799561,39462.000000,1590.031262,37441.000000,1801.832852,
200,8,35062.000000,1493.831613,1799.000000,134.105462,16681.000000,1620.845982,43157.000000,1653.499296,39288.000000,2264.776934,
200,9,37049.000000,1928.696903,1809.000000,115.535912,16859.000000,1238.442291,46742.000000,2399.837536,41241.000000,2297.975430,
200,10,38856.000000,1568.856066,1814.000000,108.776431,16951.000000,1228.428935,50403.000000,1965.200240,42770.000000,1552.307645,
220,2,23477.000000,1027.006183,1938.000000,475.707792,15316.000000,768.894376,21464.000000,1096.632499,27987.000000,1403.254378,
220,3,25846.000000,5824.287507,1849.000000,168.031798,15685.000000,2281.960963,25344.000000,3183.999844,30113.000000,4614.978860,
220,4,27849.000000,1387.864733,1821.000000,150.723704,15962.000000,1139.925402,29112.000000,1558.280204,32453.000000,4961.763086,
220,5,30732.000000,17118.102382,1832.000000,164.386268,16679.000000,4099.923325,33378.000000,2955.740968,34352.000000,3121.983766,
220,6,31862.000000,3179.141947,1842.000000,595.534371,16349.000000,1760.445438,36486.000000,1770.313235,35633.000000,2262.859823,
220,7,33650.000000,1696.461496,1821.000000,180.991655,16414.000000,733.239137,39981.000000,1566.579204,37619.000000,2664.658374,
220,8,35822.000000,2255.012796,1850.000000,184.456122,16909.000000,3540.389058,44153.000000,3776.500807,39434.000000,2185.109984,
220,9,37555.000000,1677.872361,1812.000000,122.719167,16877.000000,1131.408454,47445.000000,2596.200415,41137.000000,1787.585291,
220,10,39545.000000,1535.661388,1827.000000,143.846342,17106.000000,1605.350040,51208.000000,2436.701065,42926.000000,2562.093102,
240,2,24119.000000,6143.307386,1939.000000,442.147538,15530.000000,1258.047689,21808.000000,886.253421,28344.000000,1504.580489,
240,3,26508.000000,4749.212618,1866.000000,284.929595,15831.000000,1428.134370,25679.000000,1414.715518,30675.000000,4833.224019,
240,4,28217.000000,4709.834204,1843.000000,140.649237,15841.000000,1037.209929,29498.000000,3270.288414,32400.000000,2999.769099,
240,5,30639.000000,4767.887779,1855.000000,368.154101,16414.000000,1933.852127,33664.000000,6148.800259,35781.000000,29663.528564,
240,6,32473.000000,6540.782013,1838.000000,153.521005,16451.000000,2443.085900,36960.000000,2120.006603,35971.000000,2513.459619,
240,7,35305.000000,5927.867265,2497.000000,19412.982227,16994.000000,3129.757180,41723.000000,6763.538453,38881.000000,6639.533355,
240,8,36624.000000,2256.113682,1836.000000,188.186320,16958.000000,4252.288546,44633.000000,2781.885263,39569.000000,1928.243268,
240,9,39340.000000,6071.847799,1845.000000,253.336725,17314.000000,2804.509597,48688.000000,4581.124168,42275.000000,6617.571786,
240,10,41478.000000,5023.870103,1857.000000,306.143097,17609.000000,2953.983597,53091.000000,8163.264467,44907.000000,10623.292409,
260,2,24267.000000,4162.977180,1935.000000,511.558139,15646.000000,3163.594465,22125.000000,1836.866408,28632.000000,6049.349745,
260,3,26959.000000,1926.018294,1906.000000,903.408387,16209.000000,2363.389647,26520.000000,5261.379298,30935.000000,4043.731466,
260,4,28545.000000,2354.047556,1851.000000,329.736322,16094.000000,1574.270778,30040.000000,4902.244268,32519.000000,3200.518052,
260,5,30744.000000,2485.397268,1845.000000,293.594632,16360.000000,3352.575435,33777.000000,4063.164946,34319.000000,2888.616684,
260,6,32484.000000,1828.526138,1824.000000,112.733194,16248.000000,1194.660740,37184.000000,1657.737128,35673.000000,1596.316067,
260,7,34674.000000,1642.552818,1820.000000,116.748315,16423.000000,879.871006,40872.000000,1531.569000,37616.000000,1510.718219,
260,8,36732.000000,1397.985069,1816.000000,111.568652,16663.000000,905.734448,44778.000000,1698.458228,39344.000000,1477.649559,
260,9,39137.000000,2863.528874,1833.000000,511.803973,17086.000000,2281.760239,48784.000000,3809.303419,41455.000000,4093.789407,
260,10,41121.000000,2318.486636,1814.000000,112.196065,17070.000000,1118.714122,52505.000000,3197.982771,43251.000000,4704.519740,
280,2,24187.000000,1544.883263,1945.000000,342.501295,15546.000000,1316.934639,22119.000000,1172.084500,28441.000000,1471.397484,
280,3,26532.000000,2452.242505,1879.000000,307.881006,15808.000000,1535.782439,26088.000000,2558.560399,30583.000000,3117.057917,
280,4,28681.000000,2473.380573,1851.000000,252.956941,16016.000000,1399.935192,29934.000000,1786.380100,32496.000000,3073.961256,
280,5,30781.000000,1508.972117,1847.000000,173.249450,16098.000000,816.414419,33592.000000,1287.019682,33937.000000,1214.979309,
280,6,32987.000000,2380.465862,1851.000000,207.106671,16174.000000,722.752224,37527.000000,1418.488306,35724.000000,1798.488313,
280,7,35698.000000,6589.810651,1846.000000,177.323509,16612.000000,1772.715727,41580.000000,2011.733853,37939.000000,3881.064670,
280,8,37479.000000,2000.524743,1845.000000,146.018687,16655.000000,1629.076430,45501.000000,2464.104733,39535.000000,2818.497128,
280,9,40089.000000,4569.381108,1838.000000,205.350841,17033.000000,2518.460868,49395.000000,4100.694386,41535.000000,1917.859811,
280,10,41756.000000,1755.497225,1831.000000,117.953792,16847.000000,918.145956,53123.000000,2024.283045,42966.000000,1638.128533,
300,2,24453.000000,2029.454479,1975.000000,288.186374,15387.000000,1267.731586,22303.000000,2399.515405,28475.000000,2369.840881,
300,3,26655.000000,1186.649385,1868.000000,185.437831,15631.000000,986.392190,26183.000000,1453.446073,30252.000000,1282.348422,
300,4,29674.000000,4073.750471,1889.000000,354.300885,16414.000000,2989.332976,30989.000000,3308.527134,33272.000000,6003.007620,
300,5,31861.000000,1821.570843,1887.000000,244.086192,16514.000000,1759.862270,34891.000000,3056.013100,35184.000000,5269.177894,
300,6,33891.000000,3339.577828,1866.000000,274.656540,16315.000000,1700.258042,38434.000000,2510.818156,36114.000000,1920.013679,
300,7,36246.000000,4512.371213,1851.000000,154.375364,16507.000000,1803.677592,42341.000000,2296.643360,38127.000000,2896.868521,
300,8,38477.000000,3596.174901,1883.000000,507.657704,16883.000000,2319.296673,46799.000000,4711.568142,40204.000000,5488.185906,
300,9,40419.000000,1566.938892,1841.000000,99.751020,16798.000000,803.723925,50089.000000,2090.285007,41652.000000,1572.459314,
300,10,42996.000000,4554.575120,1851.000000,155.183446,17056.000000,1137.105639,54559.000000,6067.949940,43706.000000,2510.216276,
320,2,24714.000000,4707.803030,1966.000000,292.458932,15477.000000,969.359641,22384.000000,1270.258392,28710.000000,3979.651538,
320,3,26864.000000,1486.191014,1896.000000,264.870970,15730.000000,1229.261398,26581.000000,4807.535549,30484.000000,1849.561194,
320,4,29267.000000,2181.977480,1878.000000,203.525252,15878.000000,1060.036523,30700.000000,3967.146347,32713.000000,4901.405880,
320,5,31986.000000,5422.730839,1873.000000,187.301911,16241.000000,2248.519611,34639.000000,2331.640913,34728.000000,6752.247402,
320,6,34148.000000,2306.254272,1874.000000,593.345409,16405.000000,2108.779118,38724.000000,2308.837625,36255.000000,2360.196518,
320,7,36226.000000,2314.003568,1860.000000,142.282104,16386.000000,1052.464494,42436.000000,1750.571005,37826.000000,1574.906766,
320,8,38602.000000,1622.973909,1850.000000,131.111285,16648.000000,1475.219387,46574.000000,1895.093588,39686.000000,1773.715436,
320,9,41463.000000,4054.598279,1889.000000,613.674861,17158.000000,2610.932035,50970.000000,4913.984165,42035.000000,2233.329289,
320,10,43912.000000,3794.605795,1863.000000,316.362876,17426.000000,3818.703864,55245.000000,5657.820539,44127.000000,3833.924896,
340,2,24573.000000,1336.669904,1941.000000,387.866991,15462.000000,896.870288,22399.000000,1234.366827,28427.000000,1205.687790,
340,3,27173.000000,2436.920890,1883.000000,479.599538,15733.000000,1347.047998,26664.000000,5257.402057,30539.000000,3060.619282,
340,4,29547.000000,3300.563645,1877.000000,358.200082,16024.000000,1720.543622,30827.000000,1823.532510,32572.000000,2047.520695,
340,5,31915.000000,2748.279783,1851.000000,250.035627,16255.000000,1586.695677,34862.000000,2773.174093,34450.000000,2918.531783,
340,6,34198.000000,2463.552765,1836.000000,147.230778,16239.000000,892.078291,38761.000000,1730.341032,35872.000000,1416.019419,
340,7,36750.000000,3202.226487,1845.000000,143.376396,16628.000000,3115.547992,42974.000000,3672.045619,38018.000000,2116.383403,
340,8,39291.000000,3471.405322,1828.000000,103.641063,16788.000000,1624.770321,47140.000000,2894.855143,39780.000000,2433.246718,
340,9,41478.000000,3490.988338,1829.000000,207.014847,16849.000000,1372.780408,51128.000000,4052.721675,41526.000000,1696.077061,
340,10,44793.000000,7729.531900,1845.000000,273.690922,17545.000000,3723.081003,55852.000000,4889.789508,43877.000000,4203.298111,
360,2,24875.000000,1686.242796,1972.000000,475.241455,15400.000000,964.632929,22721.000000,1345.947299,28649.000000,1520.580204,
360,3,27465.000000,1685.178211,1906.000000,227.380325,15700.000000,1126.580736,26869.000000,1644.576866,30598.000000,1494.797114,
360,4,30046.000000,2286.469450,1884.000000,254.520683,15862.000000,1178.557907,31221.000000,2216.619833,32840.000000,3370.821115,
360,5,32551.000000,2592.537128,1878.000000,148.123989,16155.000000,1266.784456,35342.000000,1832.835590,34515.000000,2109.508865,
360,6,35052.000000,2103.641096,1869.000000,202.809827,16275.000000,1191.903867,39622.000000,1884.899671,36442.000000,4357.649174,
360,7,37549.000000,1920.514230,1864.000000,157.432131,16653.000000,4200.569461,43845.000000,5573.647339,38235.000000,2099.571199,
360,8,40758.000000,7251.962605,1869.000000,630.757058,16748.000000,1931.829455,48058.000000,2535.443575,40144.000000,2026.558126,
360,9,43004.000000,4806.331412,1857.000000,97.600748,17140.000000,2654.432110,52586.000000,6811.650365,42613.000000,4954.930465,
360,10,45542.000000,6758.420398,1878.000000,408.844786,17119.000000,2670.094486,56410.000000,4551.700176,43953.000000,4109.152275,
380,2,24928.000000,1577.802017,1981.000000,508.633367,15451.000000,1318.745465,22767.000000,1516.880913,28756.000000,1405.426151,
380,3,27541.000000,1699.908466,1907.000000,142.518806,15674.000000,1046.716138,26959.000000,1708.727607,30534.000000,1324.079365,
380,4,30264.000000,2471.626299,1890.000000,205.677155,15873.000000,938.389550,31648.000000,4916.517207,32671.000000,1715.974805,
380,5,33125.000000,2706.143343,1899.000000,334.014357,16298.000000,1210.428208,35962.000000,2561.041639,35488.000000,9545.513947,
380,6,36384.000000,3001.746922,1892.000000,236.053041,16825.000000,1744.413282,40559.000000,2098.514199,37256.000000,2525.715983,
380,7,38636.000000,3915.054410,1878.000000,136.723930,16932.000000,3825.065580,44967.000000,6541.334041,39093.000000,5044.351978,
380,8,41065.000000,4045.303853,1880.000000,244.067634,16949.000000,2625.166652,49069.000000,9418.559882,40760.000000,5421.905126,
380,9,46866.000000,83567.647646,1910.000000,305.398779,17595.000000,4260.336894,54299.000000,8170.251998,43479.000000,5913.305712,
380,10,45982.000000,2267.428435,1853.000000,133.967298,17057.000000,982.087675,57123.000000,4313.520541,44278.000000,3004.676168,
400,2,25843.000000,5041.552395,2091.000000,994.241765,15973.000000,3729.237949,23639.000000,4627.255406,29683.000000,6063.546518,
400,3,28044.000000,3431.794860,1972.000000,479.814487,15869.000000,2021.158928,27579.000000,5192.874843,31217.000000,5951.814228,
400,4,31474.000000,8768.358575,1971.000000,1020.871063,16649.000000,5650.788142,32781.000000,7332.099104,33448.000000,4458.039638,
400,5,33171.000000,2235.908239,1913.000000,370.978075,16368.000000,4099.824386,36283.000000,4980.075558,34653.000000,1897.192990,
400,6,35485.000000,1627.516742,1883.000000,218.017701,16231.000000,1111.534484,40269.000000,1853.806742,36306.000000,1920.179149,
400,7,38104.000000,1280.041759,1885.000000,164.016743,16470.000000,1209.430891,44266.000000,1763.529707,38255.000000,1714.676816,
400,8,40899.000000,1597.974362,1899.000000,449.400455,16730.000000,1738.238823,48822.000000,1902.744395,40044.000000,1992.073336,
400,9,44943.000000,8838.005284,1920.000000,548.324985,17426.000000,3087.469378,54258.000000,8271.626197,43312.000000,11236.652893,
400,10,46418.000000,2510.481372,1883.000000,144.795124,16967.000000,1076.994681,57661.000000,3773.354942,44041.000000,5082.303533,
420,2,25226.000000,1807.034228,1988.000000,280.195698,15482.000000,1198.298422,23093.000000,1915.869753,28705.000000,1766.719539,
420,3,27923.000000,1865.618993,1912.000000,154.264500,15662.000000,931.977929,27306.000000,1596.604224,30638.000000,1538.979540,
420,4,30537.000000,1724.775411,1887.000000,227.824687,15859.000000,875.783785,31759.000000,2322.567636,32598.000000,1691.424698,
420,5,33200.000000,1718.699993,1878.000000,239.913005,16050.000000,808.646533,36029.000000,2028.282645,34365.000000,1733.096393,
420,6,36049.000000,2030.115331,1854.000000,95.576430,16355.000000,1930.333216,40549.000000,4103.647317,36307.000000,1651.779681,
420,7,39081.000000,5142.762892,1861.000000,142.079390,16558.000000,1627.999498,45098.000000,4898.984256,38469.000000,3042.551266,
420,8,42116.000000,7941.881186,1873.000000,197.040031,17035.000000,5162.156803,49780.000000,3356.734431,40681.000000,4979.311425,
420,9,44233.000000,2105.252815,1880.000000,160.880984,16870.000000,1396.931065,53662.000000,2515.916537,42113.000000,2214.232646,
420,10,47069.000000,3080.388044,1874.000000,186.298438,17148.000000,1989.230831,58151.000000,4056.490938,44009.000000,3472.171293,
440,2,25472.000000,1659.239159,2005.000000,250.651605,15503.000000,1362.095634,23192.000000,1178.720217,28854.000000,1459.591392,
440,3,28518.000000,2960.041420,1930.000000,189.436311,15964.000000,2535.669630,28154.000000,4857.185827,31514.000000,4184.626376,
440,4,30956.000000,1691.045514,1930.000000,853.897456,15873.000000,1823.526354,32206.000000,2041.699131,32928.000000,1821.991943,
440,5,33812.000000,1873.409529,1890.000000,131.815621,15920.000000,618.405391,36402.000000,1485.906629,34651.000000,1635.274857,
440,6,37172.000000,6727.799408,1927.000000,843.859074,16487.000000,2201.044979,41387.000000,3530.695369,36853.000000,2928.006689,
440,7,39715.000000,2192.978764,1905.000000,481.925754,16706.000000,2856.524516,45731.000000,2592.775242,38921.000000,4233.758265,
440,8,42484.000000,2437.888185,1881.000000,129.303879,16642.000000,1263.741219,50024.000000,2100.979031,40489.000000,2202.144854,
440,9,45107.000000,2093.083440,1875.000000,109.391129,16810.000000,1752.472830,54229.000000,1848.276051,42283.000000,2104.488352,
440,10,48366.000000,3872.226768,1862.000000,114.848126,17061.000000,1599.907228,58827.000000,1656.139034,44450.000000,2790.837571,
460,2,25668.000000,1914.425101,2012.000000,544.500381,15462.000000,1276.533251,23283.000000,1281.373215,29010.000000,1455.486597,
460,3,28474.000000,1544.082267,1935.000000,283.774944,15870.000000,3827.448976,28019.000000,5264.321691,31060.000000,2124.560823,
460,4,31144.000000,1299.727970,1898.000000,194.264585,15801.000000,919.778436,32357.000000,1375.190371,32944.000000,3213.513287,
460,5,34119.000000,1608.266370,1879.000000,80.737928,16047.000000,1076.670469,36780.000000,1695.596161,34720.000000,1553.503882,
460,6,37093.000000,1601.447313,1893.000000,164.859658,16248.000000,990.335047,41648.000000,3427.695849,36941.000000,5195.461205,
460,7,40148.000000,2704.711011,1921.000000,547.797372,16603.000000,1927.738752,46490.000000,4725.504861,38963.000000,2855.111584,
460,8,42981.000000,1882.472488,1890.000000,130.635730,16764.000000,1359.678466,50879.000000,4594.199005,40690.000000,2791.872122,
460,9,46268.000000,5227.381660,1903.000000,162.832831,17109.000000,2205.928822,55750.000000,7226.698903,42946.000000,2730.778585,
460,10,49011.000000,2708.129711,1904.000000,172.773878,17292.000000,3282.172609,60430.000000,7259.128778,44768.000000,4393.143941,
480,2,25713.000000,6534.245369,2032.000000,498.536748,15507.000000,1176.296176,23483.000000,2089.368632,28937.000000,1300.563732,
480,3,28709.000000,4977.920106,1938.000000,267.156089,15907.000000,4403.110056,28101.000000,2359.463959,30947.000000,1684.975365,
480,4,31489.000000,1558.935936,1915.000000,224.964746,15963.000000,1506.131191,32785.000000,3712.344135,33117.000000,2677.970481,
480,5,34323.000000,1866.968005,1899.000000,249.287138,16107.000000,1328.438730,37098.000000,1723.046995,34871.000000,1613.351923,
480,6,37555.000000,6055.396315,1908.000000,230.224664,16451.000000,3654.766548,41951.000000,2547.831199,36675.000000,1642.777922,
480,7,40491.000000,2581.764706,1889.000000,145.897759,16562.000000,1536.106377,46462.000000,2258.826865,38874.000000,5421.789485,
480,8,43589.000000,3360.647807,1895.000000,442.013028,16865.000000,2262.127242,51144.000000,1988.503401,40840.000000,4356.813846,
480,9,46391.000000,2244.817802,1899.000000,169.009136,16874.000000,1198.335058,55762.000000,3362.985204,42595.000000,4901.946007,
480,10,49313.000000,2411.104089,1888.000000,148.368713,16965.000000,1159.331392,60264.000000,2876.269291,44460.000000,4815.221499,
500,2,25750.000000,3371.033277,1985.000000,345.815423,15326.000000,1221.551492,23723.000000,2403.273760,29071.000000,2559.893245,
500,3,28676.000000,1186.176519,1917.000000,238.861152,15583.000000,1001.404525,27985.000000,1286.751834,30845.000000,1452.492690,
500,4,31613.000000,1347.871864,1882.000000,220.445778,15738.000000,985.657883,32739.000000,1688.277452,32825.000000,1310.253716,
500,5,34851.000000,1668.145985,1908.000000,672.514252,16256.000000,2563.802049,37678.000000,4894.454504,34946.000000,1777.025589,
500,6,37713.000000,1637.900126,1902.000000,697.574835,16227.000000,1081.937620,42029.000000,1463.698658,36620.000000,1640.786411,
500,7,40899.000000,1644.727961,1880.000000,171.363173,16496.000000,1069.504427,46814.000000,4216.840206,38707.000000,2175.071626,
500,8,43972.000000,3180.326494,1866.000000,157.403968,16730.000000,1856.925781,51490.000000,2174.523262,40634.000000,2914.824990,
500,9,46935.000000,2010.868656,1867.000000,135.232699,16861.000000,1440.024978,56168.000000,2952.626871,42455.000000,3043.472296,
500,10,50160.000000,2639.307066,1892.000000,494.229544,17267.000000,2218.414458,61477.000000,5528.589088,44701.000000,5396.700099,
520,2,26247.000000,5038.528231,2046.000000,1250.619050,15594.000000,1242.260070,23971.000000,1653.259497,29393.000000,2343.989279,
520,3,31766.000000,85731.714228,1968.000000,593.728221,15841.000000,1977.160075,28631.000000,2335.525470,31494.000000,5402.437394,
520,4,31998.000000,1651.001495,1933.000000,335.878213,15899.000000,1103.250349,33477.000000,2054.331912,33440.000000,6292.768965,
520,5,35420.000000,3805.455483,1925.000000,292.676712,16133.000000,1301.513361,38177.000000,4038.791081,35457.000000,5329.509528,
520,6,38370.000000,2096.900642,1904.000000,123.199598,16251.000000,1032.022852,42722.000000,1929.286132,36790.000000,1530.300078,
520,7,41579.000000,2848.421115,1908.000000,138.359232,16467.000000,1684.178646,47342.000000,2656.012984,38780.000000,2307.369969,
520,8,44469.000000,1579.600158,1904.000000,112.851274,16506.000000,926.494990,52173.000000,1709.528992,40493.000000,1457.152224,
520,9,47841.000000,2359.191467,1913.000000,112.905819,17152.000000,5473.027756,57420.000000,5746.544012,42909.000000,2916.506780,
520,10,51495.000000,7729.111936,1914.000000,189.707559,17394.000000,2645.930075,62454.000000,5290.938566,45531.000000,8531.223254,
540,2,26264.000000,3361.204142,2104.000000,1250.038757,15852.000000,6031.124139,24120.000000,2426.532981,29602.000000,5822.194038,
540,3,29778.000000,4985.374969,1983.000000,229.531542,15907.000000,1705.236476,29112.000000,4249.800803,31675.000000,4737.846290,
540,4,32194.000000,1777.395968,1924.000000,186.627364,15820.000000,1202.110192,33386.000000,2463.616435,33155.000000,2130.174336,
540,5,35472.000000,2088.253504,1940.000000,284.200948,16010.000000,896.620409,38221.000000,1699.362988,35120.000000,4611.151789,
540,6,38793.000000,2919.288565,1937.000000,222.343293,16350.000000,1736.808536,43440.000000,3769.757297,37037.000000,2935.324978,
540,7,41944.000000,3208.585825,1926.000000,177.803192,16500.000000,1934.834716,47863.000000,1970.458905,38943.000000,2203.330607,
540,8,45224.000000,4681.250607,1927.000000,182.435542,16686.000000,1651.751420,52749.000000,1955.948961,40747.000000,2082.727544,
540,9,48196.000000,1613.242437,1917.000000,116.235799,16891.000000,2008.113601,57426.000000,2004.133016,42691.000000,1823.611677,
540,10,51915.000000,3730.272312,1914.000000,156.307479,17201.000000,1651.634232,62978.000000,5187.653752,45416.000000,8756.243665,
560,2,26120.000000,1132.644315,2013.000000,225.178525,15456.000000,1109.113994,24174.000000,1776.946427,29261.000000,1625.153829,
560,3,29408.000000,1441.547762,1948.000000,171.775350,15694.000000,1044.706602,28877.000000,1536.870702,31236.000000,1220.828379,
560,4,33117.000000,2626.876530,1940.000000,229.454523,16107.000000,1326.060701,34340.000000,4512.296375,33848.000000,3114.704618,
560,5,36333.000000,2077.211372,1935.000000,228.695999,16484.000000,4131.498148,39055.000000,2160.210383,35714.000000,2449.447272,
560,6,39188.000000,2379.437986,1914.000000,233.041374,16239.000000,1476.723393,43557.000000,2180.729200,37042.000000,1954.559071,
560,7,42999.000000,6098.384566,1921.000000,183.421411,16689.000000,2235.908045,48839.000000,2487.227367,39564.000000,5529.846633,
560,8,46054.000000,2849.379802,1931.000000,268.438648,16767.000000,1497.014393,53812.000000,5089.154856,41236.000000,2919.131120,
560,9,49155.000000,2238.767724,1910.000000,152.073449,16819.000000,973.134655,58361.000000,2407.891852,43012.000000,3015.325188,
560,10,53214.000000,4253.603088,1910.000000,233.829928,17350.000000,2093.261535,65226.000000,8171.915182,45746.000000,5341.690490,
580,2,26566.000000,2389.178071,2061.000000,676.676575,15699.000000,3815.826707,24713.000000,6850.076483,29481.000000,2209.255768,
580,3,30399.000000,5005.661498,1969.000000,294.152882,16141.000000,3198.964556,29413.000000,2537.781158,31699.000000,2359.818282,
580,4,33221.000000,4862.779313,1916.000000,155.431943,15995.000000,1442.708641,34334.000000,3555.068191,33586.000000,1704.417992,
580,5,36352.000000,1755.019099,1925.000000,214.563240,16231.000000,1440.864438,39272.000000,3081.571014,35771.000000,6906.261060,
580,6,39540.000000,2423.189087,1913.000000,195.174289,16311.000000,1493.136590,43962.000000,2663.386926,37242.000000,3030.229954,
580,7,43025.000000,2706.604088,1892.000000,94.857035,16523.000000,1144.199917,48818.000000,2537.101635,39109.000000,2042.587421,
580,8,46205.000000,1914.366851,1908.000000,125.366259,16722.000000,1476.172865,53957.000000,3878.228293,40861.000000,2303.491876,
580,9,49573.000000,3701.656389,1893.000000,194.813465,16747.000000,1024.811448,58713.000000,3405.428045,42834.000000,2812.475621,
580,10,52714.000000,2111.978379,1885.000000,90.680687,16940.000000,1036.444128,63915.000000,2979.021635,44353.000000,1542.902611,
600,2,26288.000000,1537.198868,2042.000000,316.839325,15411.000000,1046.847926,24167.000000,1184.167859,29256.000000,1650.139434,
600,3,29764.000000,1476.294099,1948.000000,71.705202,15687.000000,1097.752023,29225.000000,1586.178569,31276.000000,1747.743075,
600,4,33164.000000,1548.360276,1951.000000,264.725584,15865.000000,1424.488212,34259.000000,1995.717266,33423.000000,2002.118950,
600,5,36601.000000,1669.537765,1934.000000,224.437553,16168.000000,2664.998637,39394.000000,3445.501018,35344.000000,1792.531989,
600,6,40065.000000,1910.894622,1920.000000,137.097257,16312.000000,1265.769612,44452.000000,1716.313121,37230.000000,3739.932581,
600,7,43351.000000,1542.984725,1917.000000,172.757446,16487.000000,1531.811275,49328.000000,3344.661604,39159.000000,1948.546464,
600,8,46853.000000,1637.702602,1906.000000,111.770014,16672.000000,1134.223807,54403.000000,1946.182062,40945.000000,1894.920399,
600,9,50532.000000,3609.381928,1923.000000,152.131598,16831.000000,1032.753918,59431.000000,3221.974463,42987.000000,1869.288441,
600,10,54630.000000,7982.118044,1943.000000,267.551716,17348.000000,2309.705786,65032.000000,5907.213825,45452.000000,4783.993973,
620,2,26761.000000,1316.008027,2027.000000,173.463310,15582.000000,1284.245453,24736.000000,4497.839633,29746.000000,1589.108866,
620,3,30240.000000,1847.392404,1962.000000,234.107140,16040.000000,5895.552639,29550.000000,1748.810682,31513.000000,1436.400436,
620,4,33726.000000,1755.005308,1948.000000,337.947823,15889.000000,837.345947,34862.000000,1863.158271,34173.000000,6171.793579,
620,5,37200.000000,2255.378533,1939.000000,145.693078,16174.000000,1635.789659,39833.000000,2187.679797,35826.000000,6737.324033,
620,6,40579.000000,1763.529861,1927.000000,240.851135,16173.000000,1093.294856,44838.000000,1999.808328,37336.000000,1464.195632,
620,7,44218.000000,1862.149678,1928.000000,207.932330,16462.000000,1182.315081,49804.000000,1937.434590,39799.000000,3556.620151,
620,8,47884.000000,2502.936365,1933.000000,184.685346,16952.000000,3298.832324,55468.000000,2966.603483,41907.000000,6023.026828,
620,9,51600.000000,3671.632787,1923.000000,117.289249,17077.000000,1684.276613,60530.000000,3117.494443,43911.000000,5122.257170,
620,10,55154.000000,6156.635957,1949.000000,362.958069,17290.000000,1928.330718,65699.000000,2881.012725,45594.000000,2440.227538,
640,2,27477.000000,1431.980665,2081.000000,245.923189,16045.000000,1258.584519,25191.000000,3551.013500,30254.000000,2052.382803,
640,3,30512.000000,1868.312047,1974.000000,230.610299,15965.000000,1662.972456,30095.000000,5525.014888,32097.000000,6192.795495,
640,4,33719.000000,1745.402581,1927.000000,86.983820,15826.000000,987.123479,34832.000000,1681.931568,33677.000000,1721.350255,
640,5,37370.000000,2195.166070,1927.000000,108.985540,15975.000000,855.840745,39895.000000,1906.136311,35392.000000,1813.501419,
640,6,40940.000000,3147.825082,1927.000000,115.937462,16170.000000,957.235076,45162.000000,1946.898802,37216.000000,1485.901644,
640,7,44538.000000,2108.005414,1936.000000,184.172674,16639.000000,3718.686825,50671.000000,3984.669496,39466.000000,2038.079344,
640,8,48009.000000,1945.990752,1923.000000,127.174742,16671.000000,1357.408404,55645.000000,2997.621706,41268.000000,2754.962094,
640,9,51665.000000,2618.696665,1928.000000,103.189505,16822.000000,1061.016715,60656.000000,3550.889597,43370.000000,2428.686567,
640,10,56806.000000,1674.817842,1921.000000,112.072066,17065.000000,1222.928394,65885.000000,2465.061007,45266.000000,2296.870152,
660,2,26659.000000,1064.910438,2045.000000,425.436443,15463.000000,1139.845887,24666.000000,1535.481430,29552.000000,1713.187179,
660,3,30322.000000,1318.605623,1957.000000,91.617755,15719.000000,1270.597753,29856.000000,2756.795902,31470.000000,1942.859605,
660,4,34086.000000,3588.133465,1966.000000,543.171281,15864.000000,1503.859415,35215.000000,2097.178341,33587.000000,2658.702144,
660,5,37584.000000,2054.620243,1929.000000,141.495558,16051.000000,1074.384665,40202.000000,1803.031428,35466.000000,1918.601494,
660,6,41387.000000,2921.133771,1938.000000,183.334288,16376.000000,1632.215481,45759.000000,3959.888345,37627.000000,4240.716849,
660,7,44916.000000,3258.136131,1929.000000,189.669602,16529.000000,1390.919573,50883.000000,2238.868061,39532.000000,2891.660494,
660,8,48403.000000,2889.088090,1927.000000,134.844384,16584.000000,1377.489620,55811.000000,1806.282638,41046.000000,1829.266433,
660,9,53430.000000,2947.749603,1927.000000,137.156174,16751.000000,1193.456031,61019.000000,3371.413369,43104.000000,2791.892170,
660,10,55466.000000,1826.097067,1915.000000,115.874764,16909.000000,927.503241,66183.000000,1910.379993,44892.000000,1723.936643,
680,2,27277.000000,3262.425276,2096.000000,631.748890,15599.000000,1713.084394,25127.000000,3950.665412,30030.000000,4896.961205,
680,3,30851.000000,1421.269196,2001.000000,614.329014,15795.000000,1350.662474,30378.000000,2263.460069,31870.000000,1551.359939,
680,4,35484.000000,2513.527414,1970.000000,202.121553,16598.000000,1564.798695,36540.000000,6975.810814,34906.000000,3498.324302,
680,5,38821.000000,2768.377971,1978.000000,355.367733,16435.000000,1398.096684,41834.000000,7446.269498,36773.000000,8326.027872,
680,6,41870.000000,2362.573286,1940.000000,149.174485,16231.000000,1241.632932,46080.000000,1927.778009,37508.000000,1758.550113,
680,7,45652.000000,3192.343253,1944.000000,190.809059,16519.000000,1953.392362,51577.000000,6050.840843,39604.000000,2826.058500,
680,8,50621.000000,2235.598600,1941.000000,145.129377,16630.000000,1294.948841,57971.000000,33606.569154,41541.000000,2977.459341,
680,9,53072.000000,2791.201323,1939.000000,147.694363,16888.000000,1735.153063,62146.000000,3070.006129,43851.000000,4022.000755,
680,10,56967.000000,4386.277824,1937.000000,129.008318,17119.000000,2006.720107,67376.000000,2345.009636,45564.000000,2589.336249,
700,2,27308.000000,1795.537362,2080.000000,486.510765,15498.000000,1430.988306,25199.000000,1204.133578,30020.000000,2132.786069,
700,3,31159.000000,4440.156556,2008.000000,306.180733,15838.000000,2017.225133,30738.000000,1816.291140,31871.000000,1769.813261,
700,4,35165.000000,4817.392465,1985.000000,234.123015,16011.000000,1491.892148,36689.000000,3054.615347,34291.000000,4423.948890,
700,5,38364.000000,1421.502775,1957.000000,161.537658,16086.000000,1131.927771,41649.000000,1896.240771,35648.000000,1496.148991,
700,6,42607.000000,3949.426982,1949.000000,216.742490,16347.000000,1812.437870,46827.000000,2401.937395,37975.000000,3701.320358,
700,7,47788.000000,4774.554546,1954.000000,184.047122,16741.000000,1623.889528,53248.000000,2580.699320,40599.000000,8819.323735,
700,8,49760.000000,1772.849983,1944.000000,150.377741,16615.000000,871.785327,58473.000000,2332.219749,41556.000000,1522.683313,
700,9,53765.000000,2095.182490,1952.000000,195.899607,17255.000000,6777.502472,64391.000000,5393.394322,44126.000000,3223.659815,
700,10,57497.000000,2408.221640,1931.000000,106.492291,17058.000000,940.948909,69711.000000,3034.590332,45776.000000,2648.140169,
720,2,27125.000000,1123.530065,2075.000000,373.670288,15571.000000,1840.610102,25030.000000,1265.319899,29773.000000,1459.660579,
720,3,30987.000000,1255.719735,2006.000000,256.104022,15691.000000,605.097349,30409.000000,1612.234949,31770.000000,1319.329793,
720,4,34742.000000,1367.262754,1964.000000,113.455731,15875.000000,915.287911,35910.000000,1397.901915,33860.000000,1308.614519,
720,5,39504.000000,3091.722610,1959.000000,125.518007,16091.000000,923.381463,41493.000000,3577.561156,35785.000000,2086.896913,
720,6,42661.000000,3766.823946,1950.000000,132.007863,16285.000000,1542.044278,46946.000000,2364.494416,37625.000000,1917.765427,
720,7,46950.000000,3755.671637,1972.000000,157.786143,16910.000000,3714.440645,52878.000000,6299.828191,40113.000000,3621.600526,
720,8,51360.000000,6623.137170,1958.000000,213.669354,17025.000000,1490.614485,58563.000000,5252.620612,42242.000000,2691.465028,
720,9,54075.000000,2171.665639,1951.000000,148.055993,16775.000000,894.441637,63237.000000,2608.181510,43611.000000,4501.057493,
720,10,58187.000000,3836.539410,1952.000000,153.197823,17139.000000,1828.958524,69255.000000,7045.331230,45736.000000,4558.540555,
740,2,27243.000000,1650.938884,2044.000000,270.556039,15390.000000,986.834596,25092.000000,2591.870927,29624.000000,1788.644525,
740,3,31303.000000,1471.705424,1991.000000,340.713777,15645.000000,887.538646,30502.000000,1665.226762,31703.000000,1452.966995,
740,4,35555.000000,1658.908459,1957.000000,135.593728,15839.000000,1187.348517,36125.000000,1780.170822,33719.000000,1304.861025,
740,5,38939.000000,1578.547870,1962.000000,190.736279,16049.000000,1012.929737,41497.000000,1468.625907,35603.000000,1643.191529,
740,6,42740.000000,1549.832514,1946.000000,203.133112,16183.000000,972.386275,46937.000000,1641.194448,37479.000000,1636.073048,
740,7,46732.000000,1811.773531,1938.000000,137.673658,16356.000000,835.360183,52394.000000,1892.251385,39455.000000,1540.339064,
740,8,50665.000000,2818.833032,1932.000000,121.230615,16609.000000,1078.465747,58113.000000,2077.029076,41531.000000,2616.031743,
740,9,55129.000000,4211.845062,1951.000000,242.148545,17115.000000,2360.057268,64086.000000,6721.751736,43887.000000,5535.619876,
740,10,58790.000000,4512.708504,1928.000000,195.777798,17118.000000,1876.033687,69229.000000,3888.018181,45450.000000,4233.558104,
760,2,27512.000000,1281.903569,2066.000000,353.946921,15353.000000,1017.400116,25234.000000,1126.392549,29693.000000,1380.807534,
760,3,32962.000000,4861.587623,2110.000000,704.285384,16294.000000,3043.607227,32201.000000,5995.163334,33207.000000,6051.417358,
760,4,35395.000000,1576.116247,1945.000000,162.321480,15880.000000,1317.902870,36557.000000,1665.557557,34103.000000,2698.086032,
760,5,39404.000000,1735.614885,1966.000000,167.093803,16039.000000,1068.635833,41994.000000,1726.349079,35870.000000,1451.127722,
760,6,43596.000000,3963.231557,1952.000000,138.552993,16227.000000,1109.501193,47629.000000,1794.543022,37815.000000,2630.656237,
760,7,48537.000000,6341.912981,2013.000000,834.327493,17047.000000,3876.773103,54605.000000,8798.169832,40956.000000,7387.148690,
760,8,52025.000000,4660.314011,1971.000000,265.374746,16914.000000,2663.913946,59560.000000,6087.703965,42529.000000,5840.301862,
760,9,55598.000000,2577.440292,1966.000000,264.848547,16925.000000,1322.120265,64600.000000,3626.399165,44043.000000,4462.603788,
760,10,59926.000000,3291.857000,1958.000000,191.390049,17155.000000,1536.112610,70493.000000,4513.380990,46138.000000,4745.688786,
780,2,27879.000000,1804.520563,2098.000000,314.866638,15484.000000,950.090831,25759.000000,4779.667602,30350.000000,4292.099905,
780,3,31701.000000,1499.504586,2015.000000,319.215423,15738.000000,1235.802408,31135.000000,1544.547558,32098.000000,1749.617287,
780,4,35745.000000,1887.523203,2006.000000,420.030424,15824.000000,1103.302433,36861.000000,1650.104427,34036.000000,1224.461585,
780,5,40115.000000,4875.219598,2006.000000,526.246185,16211.000000,1909.233204,42680.000000,2904.990017,36343.000000,4253.924352,
780,6,44071.000000,3610.216236,1981.000000,169.946839,16246.000000,1449.534918,48328.000000,3345.975486,38006.000000,3384.430466,
780,7,47914.000000,1887.423708,1961.000000,124.871374,16480.000000,1793.716178,53746.000000,2101.321548,39986.000000,2604.926688,
780,8,52150.000000,2236.073647,1974.000000,152.307403,16669.000000,1223.228464,59769.000000,3875.626747,42073.000000,3662.935425,
780,9,57345.000000,5002.692799,2010.000000,1072.860520,17737.000000,4266.546651,66495.000000,6776.862108,45076.000000,4625.344318,
780,10,60285.000000,2296.395170,1969.000000,155.420896,16968.000000,940.901786,70928.000000,2716.543581,46032.000000,3005.565676,
800,2,27557.000000,970.919591,2085.000000,241.428874,15433.000000,771.920489,25376.000000,891.525553,30047.000000,2181.761085,
800,3,31772.000000,1784.669098,2023.000000,239.942412,15667.000000,1013.598153,31243.000000,2668.784157,31876.000000,1252.987584,
800,4,36030.000000,4929.014335,2003.000000,229.452296,15893.000000,897.478651,37052.000000,1967.336849,34173.000000,2074.851050,
800,5,40095.000000,2026.120847,2009.000000,850.211198,16134.000000,1487.982406,42933.000000,5002.809244,36159.000000,2207.129090,
800,6,44122.000000,2484.144993,1963.000000,118.472136,16343.000000,3315.814321,48444.000000,2083.571383,37913.000000,5545.095946,
800,7,48623.000000,5460.269138,1978.000000,119.262999,16499.000000,953.610165,54412.000000,2873.751734,40133.000000,5266.879534,
800,8,52383.000000,1842.250251,1966.000000,119.833121,16667.000000,1019.855210,59929.000000,2215.909147,41775.000000,1545.657958,
800,9,56630.000000,2223.345157,1975.000000,123.740192,16908.000000,1549.424135,65553.000000,2721.098549,43910.000000,1937.043483,
800,10,61189.000000,6478.610255,1968.000000,116.520539,17243.000000,3743.170878,71834.000000,4170.076824,46220.000000,3850.555400,
820,2,27905.000000,2217.380980,2061.000000,374.160846,15419.000000,1103.216963,25662.000000,1654.823307,29959.000000,1428.974970,
820,3,32417.000000,3320.008214,2016.000000,359.256577,15718.000000,850.014100,31582.000000,1881.962927,32355.000000,4748.249243,
820,4,36275.000000,1668.493126,1962.000000,152.216546,15845.000000,920.565883,37285.000000,1514.518938,34311.000000,1644.336759,
820,5,40460.000000,1783.283041,1961.000000,159.211102,16012.000000,1129.770658,42833.000000,1546.039869,35945.000000,1780.310523,
820,6,44691.000000,2331.553738,1941.000000,207.391680,16231.000000,1296.580166,48627.000000,2194.050077,37909.000000,2287.226134,
820,7,49104.000000,2829.130796,1956.000000,146.771687,16471.000000,994.606193,54574.000000,1861.285589,40471.000000,5803.594792,
820,8,53613.000000,3968.354596,1951.000000,188.509687,16900.000000,1990.979016,61074.000000,5907.782943,42502.000000,2837.039684,
820,9,57470.000000,2495.607991,1942.000000,108.119892,16831.000000,1172.525966,66270.000000,3519.592258,44257.000000,3931.058906,
820,10,62026.000000,5260.154824,1943.000000,95.591344,17172.000000,1954.032716,72318.000000,3160.466206,46138.000000,1753.791887,
840,2,28322.000000,6076.384138,2250.000000,234.077464,15408.000000,1705.976380,26246.000000,1887.517103,30243.000000,2376.439568,
840,3,32780.000000,4413.415585,2240.000000,367.405399,15756.000000,2382.069025,32429.000000,3537.905339,32630.000000,4271.012590,
840,4,36760.000000,2680.728658,2140.000000,377.913524,15857.000000,2095.843919,38160.000000,3325.025508,34620.000000,3260.988644,
840,5,41063.000000,3460.809726,2066.000000,234.625941,16030.000000,1662.385545,43838.000000,2028.470325,36494.000000,2266.147889,
840,6,45829.000000,5109.707798,2112.000000,384.410832,16688.000000,6706.978560,50635.000000,3358.331400,39091.000000,6270.317452,
840,7,49639.000000,2084.343855,2065.000000,165.525614,16387.000000,985.757552,55988.000000,1910.825833,40447.000000,1939.885607,
840,8,53930.000000,2779.932198,2057.000000,160.910080,16679.000000,1985.914779,62113.000000,2647.947670,42503.000000,2312.527139,
840,9,58109.000000,1964.815093,2055.000000,134.982340,16627.000000,1229.457612,67805.000000,2134.320930,44394.000000,3228.315192,
840,10,62892.000000,4872.672142,2057.000000,178.454171,17172.000000,2049.653585,74558.000000,5790.161329,46590.000000,2852.327627,
860,2,28230.000000,2192.412682,2272.000000,310.526015,15428.000000,1355.125967,26411.000000,1911.817607,30391.000000,1948.475526,
860,3,33055.000000,6991.265954,2236.000000,561.409280,15761.000000,1915.949145,32533.000000,3968.665191,32396.000000,1837.915012,
860,4,36884.000000,1748.687830,2122.000000,231.416557,15857.000000,916.549059,38321.000000,2361.776325,34527.000000,1926.263912,
860,5,41617.000000,5385.498182,2081.000000,196.475525,16167.000000,1766.677724,44300.000000,2262.078446,36695.000000,4174.880378,
860,6,45624.000000,3093.113952,2081.000000,277.255830,16120.000000,1393.024858,50515.000000,3254.563005,38356.000000,2788.057088,
860,7,50095.000000,3245.084718,2070.000000,128.063039,16455.000000,1658.027738,56631.000000,3145.451204,40646.000000,4672.824512,
860,8,54470.000000,1918.617245,2072.000000,215.852563,16776.000000,5231.915628,62672.000000,2409.206767,42630.000000,2379.310511,
860,9,58955.000000,3698.464148,2073.000000,254.307931,16901.000000,1857.176883,68821.000000,4325.718493,45108.000000,6987.388729,
860,10,62919.000000,1809.089933,2049.000000,132.350157,16851.000000,1123.458102,74692.000000,2864.934148,46419.000000,2553.937580,
880,2,28203.000000,1327.719191,2277.000000,153.052462,15303.000000,1044.733401,26244.000000,1093.393472,30242.000000,1576.544381,
880,3,32976.000000,1966.454282,2169.000000,225.508499,15595.000000,1284.172107,32632.000000,3768.824328,32552.000000,2216.101559,
880,4,37135.000000,1466.721658,2092.000000,298.488541,15709.000000,1084.700820,38534.000000,1961.006492,34404.000000,1313.398003,
880,5,41760.000000,1909.809260,2125.000000,182.830982,16037.000000,1466.165364,44765.000000,3863.083611,36651.000000,2662.015786,
880,6,46361.000000,2022.893849,2111.000000,156.307076,16359.000000,3606.493161,51098.000000,4177.709007,38645.000000,2353.192625,
880,7,51471.000000,2020.565741,2124.000000,231.806648,16971.000000,3604.614846,57260.000000,2588.647907,41225.000000,2536.097808,
880,8,55102.000000,3126.871111,2077.000000,116.885619,16723.000000,4161.994762,62781.000000,2743.720905,42524.000000,2074.011065,
880,9,59539.000000,4536.777317,2093.000000,206.223069,16762.000000,1772.139768,69091.000000,5251.773327,44554.000000,3952.152944,
880,10,63768.000000,1849.935838,2069.000000,112.931563,16909.000000,2069.773754,74690.000000,2254.962600,46454.000000,2323.502611,
900,2,28529.000000,1657.912306,2233.000000,376.592419,15331.000000,1034.333759,26448.000000,1561.360964,30560.000000,5797.988378,
900,3,33340.000000,3629.989536,2213.000000,233.410424,15687.000000,1595.254491,32983.000000,5062.162416,32679.000000,2570.665135,
900,4,37458.000000,1356.982428,2139.000000,227.874601,15891.000000,1185.998385,39183.000000,3440.162231,34987.000000,5100.872559,
900,5,41941.000000,2338.850514,2106.000000,182.730958,16011.000000,1298.034686,44922.000000,2698.927863,36556.000000,3745.417386,
900,6,46451.000000,2089.181426,2092.000000,217.370405,16157.000000,1420.302314,51055.000000,2885.326816,38340.000000,1979.233665,
900,7,51002.000000,1864.608794,2091.000000,527.503182,16406.000000,1720.656635,57151.000000,2592.679909,40388.000000,1551.796970,
900,8,55653.000000,3507.464703,2087.000000,131.548379,16618.000000,1288.385002,63444.000000,3997.082467,42648.000000,5565.854949,
900,9,60013.000000,1911.013081,2088.000000,363.957695,16845.000000,1533.754601,69333.000000,4888.195199,44520.000000,1915.157187,
900,10,64504.000000,2568.072370,2062.000000,127.283282,16980.000000,1434.282691,75469.000000,2844.947709,46428.000000,2029.783922,
920,2,28892.000000,4161.179338,2308.000000,428.992860,15505.000000,1648.642041,26586.000000,3517.619109,30530.000000,2624.897976,
920,3,33081.000000,1375.053110,2230.000000,313.528039,15497.000000,1572.393383,32670.000000,1687.705748,32324.000000,2343.650414,
920,4,37722.000000,2138.952770,2166.000000,291.257927,15729.000000,1053.447937,38925.000000,1833.128230,34669.000000,4624.077775,
920,5,42628.000000,2692.964818,2133.000000,235.523430,16141.000000,1653.615833,45768.000000,6202.354316,36785.000000,4234.370790,
920,6,46885.000000,2151.478070,2118.000000,213.520505,16185.000000,1426.715938,51642.000000,5516.712521,38693.000000,3585.746117,
920,7,51284.000000,1899.957682,2099.000000,113.478218,16449.000000,4224.182360,57606.000000,3321.764266,40554.000000,1868.052166,
920,8,56276.000000,2944.943975,2098.000000,136.106624,16699.000000,4163.643989,63943.000000,3515.469597,42450.000000,1696.313707,
920,9,60945.000000,5797.433735,2100.000000,226.238001,16886.000000,2082.009803,70208.000000,3681.757831,44683.000000,1929.964863,
920,10,65274.000000,2058.731614,2090.000000,128.959680,16959.000000,1309.413229,76349.000000,2599.341034,46687.000000,2352.108651,
940,2,29347.000000,1934.170476,2187.000000,524.167487,15423.000000,1316.546947,27091.000000,7163.302403,30945.000000,4607.101740,
940,3,33920.000000,1403.947626,2138.000000,452.722053,15543.000000,1050.758194,33113.000000,1905.935492,32948.000000,3422.947500,
940,4,38617.000000,1939.329730,2105.000000,129.674257,15806.000000,1314.454405,39456.000000,1655.457521,35160.000000,1512.446885,
940,5,43296.000000,1688.625792,2102.000000,292.265824,15998.000000,955.758895,45598.000000,1721.764623,37228.000000,1760.194369,
940,6,48249.000000,3288.382026,2085.000000,189.782167,16190.000000,1440.783458,52078.000000,3552.801322,39364.000000,2755.622660,
940,7,53117.000000,2441.035801,2100.000000,273.608741,16626.000000,1898.406928,58848.000000,5968.374587,41916.000000,6216.830920,
940,8,57666.000000,3932.455606,2069.000000,125.638044,16578.000000,1802.613732,64599.000000,3094.069342,43333.000000,2578.889899,
940,9,62194.000000,2078.235497,2082.000000,372.326805,16724.000000,1081.798535,70673.000000,2589.658980,45397.000000,1751.642212,
940,10,66906.000000,1813.719125,2063.000000,112.818748,16925.000000,1556.060114,77026.000000,2396.108635,47489.000000,2273.815033,
960,2,29045.000000,1842.998203,2151.000000,288.647229,15290.000000,1143.731040,26765.000000,1495.089255,30558.000000,1814.478143,
960,3,33899.000000,1454.355015,2160.000000,287.138585,15483.000000,827.619179,33226.000000,1475.985830,32805.000000,1291.430029,
960,4,38706.000000,2015.318519,2112.000000,158.919256,15726.000000,1026.035928,39636.000000,1613.542353,35126.000000,2820.576402,
960,5,43665.000000,4574.995173,2102.000000,132.640865,15975.000000,1246.151050,45942.000000,1895.223786,37114.000000,1635.059407,
960,6,48032.000000,1498.821664,2097.000000,178.338745,16032.000000,1113.844368,52247.000000,3682.579858,38963.000000,1511.377735,
960,7,53018.000000,2371.728952,2084.000000,104.003389,16292.000000,1429.483601,58393.000000,1960.350097,41058.000000,1609.273583,
960,8,58060.000000,5454.551732,2082.000000,147.930889,16502.000000,1058.826624,64933.000000,2908.226378,43274.000000,2226.077548,
960,9,62621.000000,1888.433852,2094.000000,137.074323,16753.000000,1189.474403,71497.000000,4935.351344,45545.000000,1890.939713,
960,10,67604.000000,2985.938404,2089.000000,155.580108,16989.000000,886.914535,77709.000000,2124.884309,47528.000000,1655.337768,
980,2,29152.000000,2005.983537,2171.000000,451.678596,15306.000000,1003.121479,26960.000000,2927.400775,30726.000000,2100.570484,
980,3,34168.000000,6076.603363,2113.000000,173.147694,15529.000000,1027.846770,33791.000000,2314.350215,32867.000000,1562.445103,
980,4,39114.000000,2237.359805,2104.000000,269.709616,15856.000000,1406.663572,40203.000000,2343.833723,35278.000000,1905.564916,
980,5,43887.000000,2341.386248,2097.000000,206.701067,16179.000000,3295.924293,46384.000000,2975.212764,37366.000000,4726.415920,
980,6,48649.000000,2612.232046,2093.000000,417.868173,16314.000000,3810.229217,52798.000000,2929.177641,39093.000000,1972.664464,
980,7,53480.000000,3306.603642,2067.000000,136.635405,16347.000000,1470.144443,58956.000000,2402.969527,41178.000000,1798.664460,
980,8,58956.000000,4624.813719,2098.000000,423.379428,16913.000000,2458.190642,66220.000000,5556.413624,44096.000000,8128.439840,
980,9,63483.000000,5124.410686,2072.000000,127.531004,17113.000000,5145.206719,72101.000000,3910.821322,45777.000000,5597.876640,
980,10,68230.000000,4616.048173,2089.000000,217.171568,17019.000000,1995.836646,78555.000000,5402.813473,47352.000000,3566.534609,
1000,2,29557.000000,2471.271503,2180.000000,424.115853,15356.000000,1420.351619,27219.000000,1743.704922,30883.000000,1979.704384,
1000,3,34916.000000,3452.307627,2167.000000,262.542903,15606.000000,1694.237552,34063.000000,2979.438348,33396.000000,4174.277827,
1000,4,39747.000000,3299.710633,2127.000000,205.884669,15855.000000,1696.397902,40721.000000,3626.451631,35489.000000,2639.206516,
1000,5,45599.000000,6344.188297,2197.000000,447.553931,16769.000000,5104.443302,48644.000000,8173.605835,38782.000000,6597.616398,
1000,6,49838.000000,4185.603426,2115.000000,222.700480,16316.000000,2008.211134,54026.000000,6266.519755,39776.000000,4462.619308,
1000,7,54418.000000,2971.124294,2104.000000,151.150981,16288.000000,985.701925,59905.000000,3798.162527,41689.000000,3243.184890,
1000,8,60859.000000,7784.022242,2182.000000,424.241656,17245.000000,3614.144019,69052.000000,11825.768511,45322.000000,8788.827773,
1000,9,68245.000000,106399.152531,2113.000000,215.136169,17196.000000,4679.025050,73747.000000,8785.458569,46671.000000,7846.819629,
1000,10,69810.000000,4651.390309,2104.000000,247.413039,17355.000000,3301.091081,80756.000000,9616.409348,50087.000000,53163.952752,
1020,2,30143.000000,5096.498379,2222.000000,492.740831,15689.000000,1572.627150,27699.000000,2453.988709,31176.000000,1814.457690,
1020,3,34793.000000,1639.224949,2145.000000,195.545161,15550.000000,976.160420,34153.000000,3528.798215,33453.000000,5412.456494,
1020,4,39594.000000,2386.741649,2128.000000,186.198542,15723.000000,1371.185474,41022.000000,3280.002245,35654.000000,3107.933130,
1020,5,44798.000000,2093.503924,2126.000000,264.112639,16235.000000,3793.345402,47272.000000,3564.602627,37639.000000,2396.738623,
1020,6,50279.000000,5234.127507,2139.000000,643.892138,16487.000000,3262.114013,54271.000000,3912.786931,39951.000000,5219.391615,
1020,7,54939.000000,3092.605708,2111.000000,142.721221,16457.000000,1369.059974,60402.000000,4855.493442,41890.000000,3555.383126,
1020,8,59660.000000,2142.316034,2062.000000,101.299220,16579.000000,998.926939,66607.000000,2017.232024,43678.000000,2030.290982,
1020,9,64902.000000,2960.478016,2079.000000,78.005833,16708.000000,1002.038108,73162.000000,3476.907937,45682.000000,1334.967810,
1020,10,69461.000000,1616.287160,2086.000000,92.135552,16948.000000,946.364011,79752.000000,2259.022629,47882.000000,1581.599795,

done.
